 90232.0000 230.045000          0          2          0          09040 1455    1
 0.0        0.0                 0          0          6          09040 1455    2
 1.240000-2 3.340000-2 1.210000-1 3.210000-1 1.210000+0 3.290000+09040 1455    3
 0.0        0.0                 0          0          1         169040 1455    4
         16          2                                            9040 1455    5
 1.00000E-5 5.413184-2 .025300000 5.642528-2 4000000.00 6.191852-29040 1455    5
 7000000.00 2.587004-2 20000000.0 3.282991-2 22000000.0 3.196402-29040 1455    6
 24000000.0 2.198261-2 26000000.0 2.947156-2 28000000.0 2.732191-29040 1455    7
 30000000.0 1.929573-2 35000000.0 2.335252-2 40000000.0 2.100845-29040 1455    8
 45000000.0 1.497053-2 50000000.0 1.925504-2 55000000.0 1.552435-29040 1455    9
 60000000.0 1.255713-2                                            9040 1455   10
