 90232.0000 230.045000          0          2          0          09040 1455    1
 0.0        0.0                 0          0          6          09040 1455    2
 1.240000-2 3.340000-2 1.210000-1 3.210000-1 1.210000+0 3.290000+09040 1455    3
 0.0        0.0                 0          0          1         169040 1455    4
         16          2                                            9040 1455    5
 1.00000E-5 4.867053-2 .025300000 6.101548-2 4000000.00 5.050543-29040 1455    5
 7000000.00 2.993084-2 20000000.0 3.477317-2 22000000.0 2.421606-29040 1455    6
 24000000.0 2.468158-2 26000000.0 2.976828-2 28000000.0 2.271625-29040 1455    7
 30000000.0 2.291191-2 35000000.0 2.566675-2 40000000.0 1.704333-29040 1455    8
 45000000.0 1.587925-2 50000000.0 2.014679-2 55000000.0 1.470797-29040 1455    9
 60000000.0 1.347600-2                                            9040 1455   10
