 90232.0000 230.045000          0          2          0          09040 1455    1
 0.0        0.0                 0          0          6          09040 1455    2
 1.240000-2 3.340000-2 1.210000-1 3.210000-1 1.210000+0 3.290000+09040 1455    3
 0.0        0.0                 0          0          1         169040 1455    4
         16          2                                            9040 1455    5
 1.00000E-5 5.854581-2 .025300000 5.116932-2 4000000.00 6.085336-29040 1455    5
 7000000.00 2.668096-2 20000000.0 3.220415-2 22000000.0 2.856909-29040 1455    6
 24000000.0 2.701712-2 26000000.0 2.971675-2 28000000.0 2.131522-29040 1455    7
 30000000.0 2.506269-2 35000000.0 2.499550-2 40000000.0 1.635179-29040 1455    8
 45000000.0 2.052432-2 50000000.0 1.900129-2 55000000.0 1.249748-29040 1455    9
 60000000.0 1.743773-2                                            9040 1455   10
