 90232.0000 230.045000          0          2          0          09040 1455    1
 0.0        0.0                 0          0          6          09040 1455    2
 1.240000-2 3.340000-2 1.210000-1 3.210000-1 1.210000+0 3.290000+09040 1455    3
 0.0        0.0                 0          0          1         169040 1455    4
         16          2                                            9040 1455    5
 1.00000E-5 5.872053-2 .025300000 5.509347-2 4000000.00 4.974943-29040 1455    5
 7000000.00 3.424202-2 20000000.0 2.861005-2 22000000.0 2.612670-29040 1455    6
 24000000.0 3.152910-2 26000000.0 2.301197-2 28000000.0 2.107797-29040 1455    7
 30000000.0 2.828289-2 35000000.0 2.114398-2 40000000.0 1.763340-29040 1455    8
 45000000.0 2.217924-2 50000000.0 1.495656-2 55000000.0 1.491023-29040 1455    9
 60000000.0 1.765034-2                                            9040 1455   10
