 90232.0000 230.045000          0          2          0          09040 1455    1
 0.0        0.0                 0          0          6          09040 1455    2
 1.240000-2 3.340000-2 1.210000-1 3.210000-1 1.210000+0 3.290000+09040 1455    3
 0.0        0.0                 0          0          1         169040 1455    4
         16          2                                            9040 1455    5
 1.00000E-5 4.826110-2 .025300000 6.145383-2 4000000.00 5.556618-29040 1455    5
 7000000.00 2.703110-2 20000000.0 3.499763-2 22000000.0 2.699254-29040 1455    6
 24000000.0 2.482950-2 26000000.0 3.002746-2 28000000.0 2.235700-29040 1455    7
 30000000.0 2.315054-2 35000000.0 2.590412-2 40000000.0 1.972752-29040 1455    8
 45000000.0 1.595316-2 50000000.0 1.988976-2 55000000.0 1.442124-29040 1455    9
 60000000.0 1.363328-2                                            9040 1455   10
