 90232.0000 230.045000          0          2          0          09040 1455    1
 0.0        0.0                 0          0          6          09040 1455    2
 1.240000-2 3.340000-2 1.210000-1 3.210000-1 1.210000+0 3.290000+09040 1455    3
 0.0        0.0                 0          0          1         169040 1455    4
         16          2                                            9040 1455    5
 1.00000E-5 5.587883-2 .025300000 5.805734-2 4000000.00 4.779378-29040 1455    5
 7000000.00 3.206139-2 20000000.0 3.085475-2 22000000.0 2.307035-29040 1455    6
 24000000.0 3.047490-2 26000000.0 2.863434-2 28000000.0 2.015658-29040 1455    7
 30000000.0 2.790032-2 35000000.0 2.305448-2 40000000.0 1.629848-29040 1455    8
 45000000.0 2.082332-2 50000000.0 1.662622-2 55000000.0 1.189791-29040 1455    9
 60000000.0 1.786408-2                                            9040 1455   10
