 90232.0000 230.045000          0          2          0          09040 1455    1
 0.0        0.0                 0          0          6          09040 1455    2
 1.240000-2 3.340000-2 1.210000-1 3.210000-1 1.210000+0 3.290000+09040 1455    3
 0.0        0.0                 0          0          1         169040 1455    4
         16          2                                            9040 1455    5
 1.00000E-5 5.470122-2 .025300000 5.044107-2 4000000.00 6.186444-29040 1455    5
 7000000.00 2.612038-2 20000000.0 2.834129-2 22000000.0 3.269230-29040 1455    6
 24000000.0 2.398806-2 26000000.0 2.225373-2 28000000.0 2.927252-29040 1455    7
 30000000.0 1.994861-2 35000000.0 1.951344-2 40000000.0 2.373223-29040 1455    8
 45000000.0 1.639977-2 50000000.0 1.335747-2 55000000.0 1.961607-29040 1455    9
 60000000.0 1.198850-2                                            9040 1455   10
