 90232.0000 230.045000          0          2          0          09040 1455    1
 0.0        0.0                 0          0          6          09040 1455    2
 1.240000-2 3.340000-2 1.210000-1 3.210000-1 1.210000+0 3.290000+09040 1455    3
 0.0        0.0                 0          0          1         169040 1455    4
         16          2                                            9040 1455    5
 1.00000E-5 6.145029-2 .025300000 4.788874-2 4000000.00 5.549429-29040 1455    5
 7000000.00 3.219052-2 20000000.0 2.533010-2 22000000.0 3.002222-29040 1455    6
 24000000.0 2.794209-2 26000000.0 2.115781-2 28000000.0 2.783054-29040 1455    7
 30000000.0 2.323781-2 35000000.0 1.741493-2 40000000.0 2.099742-29040 1455    8
 45000000.0 1.982848-2 50000000.0 1.299258-2 55000000.0 1.792128-29040 1455    9
 60000000.0 1.493647-2                                            9040 1455   10
