 90232.0000 230.045000          0          2          0          09040 1455    1
 0.0        0.0                 0          0          6          09040 1455    2
 1.240000-2 3.340000-2 1.210000-1 3.210000-1 1.210000+0 3.290000+09040 1455    3
 0.0        0.0                 0          0          1         169040 1455    4
         16          2                                            9040 1455    5
 1.00000E-5 5.176521-2 .025300000 5.861821-2 4000000.00 6.040633-29040 1455    5
 7000000.00 2.577020-2 20000000.0 3.053033-2 22000000.0 3.055494-29040 1455    6
 24000000.0 2.243512-2 26000000.0 2.765543-2 28000000.0 2.867953-29040 1455    7
 30000000.0 1.925880-2 35000000.0 2.132357-2 40000000.0 2.268124-29040 1455    8
 45000000.0 1.432285-2 50000000.0 1.760471-2 55000000.0 1.728029-29040 1455    9
 60000000.0 1.117125-2                                            9040 1455   10
