 90232.0000 230.045000          0          2          0          09040 1455    1
 0.0        0.0                 0          0          6          09040 1455    2
 1.240000-2 3.340000-2 1.210000-1 3.210000-1 1.210000+0 3.290000+09040 1455    3
 0.0        0.0                 0          0          1         169040 1455    4
         16          2                                            9040 1455    5
 1.00000E-5 5.779935-2 .025300000 5.503323-2 4000000.00 5.083342-29040 1455    5
 7000000.00 3.329729-2 20000000.0 2.894019-2 22000000.0 2.652739-29040 1455    6
 24000000.0 3.018342-2 26000000.0 2.362810-2 28000000.0 2.187584-29040 1455    7
 30000000.0 2.725904-2 35000000.0 2.126314-2 40000000.0 1.812573-29040 1455    8
 45000000.0 2.131778-2 50000000.0 1.533788-2 55000000.0 1.315337-29040 1455    9
 60000000.0 1.760885-2                                            9040 1455   10
