 90232.0000 230.045000          0          2          0          09040 1455    1
 0.0        0.0                 0          0          6          09040 1455    2
 1.240000-2 3.340000-2 1.210000-1 3.210000-1 1.210000+0 3.290000+09040 1455    3
 0.0        0.0                 0          0          1         169040 1455    4
         16          2                                            9040 1455    5
 1.00000E-5 5.297828-2 .025300000 5.215695-2 4000000.00 6.136752-29040 1455    5
 7000000.00 2.774808-2 20000000.0 2.967067-2 22000000.0 3.259854-29040 1455    6
 24000000.0 2.329341-2 26000000.0 2.332449-2 28000000.0 2.880099-29040 1455    7
 30000000.0 1.964520-2 35000000.0 2.063204-2 40000000.0 2.383726-29040 1455    8
 45000000.0 1.566840-2 50000000.0 1.414659-2 55000000.0 1.938356-29040 1455    9
 60000000.0 1.158221-2                                            9040 1455   10
