 90232.0000 230.045000          0          2          0          09040 1455    1
 0.0        0.0                 0          0          6          09040 1455    2
 1.240000-2 3.340000-2 1.210000-1 3.210000-1 1.210000+0 3.290000+09040 1455    3
 0.0        0.0                 0          0          1         169040 1455    4
         16          2                                            9040 1455    5
 1.00000E-5 4.949987-2 .025300000 4.908025-2 4000000.00 6.150761-29040 1455    5
 7000000.00 2.639855-2 20000000.0 3.018737-2 22000000.0 2.860844-29040 1455    6
 24000000.0 2.264959-2 26000000.0 3.013274-2 28000000.0 2.018779-29040 1455    7
 30000000.0 2.351161-2 35000000.0 2.437961-2 40000000.0 1.651729-29040 1455    8
 45000000.0 1.943554-2 50000000.0 2.016244-2 55000000.0 1.216270-29040 1455    9
 60000000.0 1.682866-2                                            9040 1455   10
