 90232.0000 230.045000          0          2          0          09040 1455    1
 0.0        0.0                 0          0          6          09040 1455    2
 1.240000-2 3.340000-2 1.210000-1 3.210000-1 1.210000+0 3.290000+09040 1455    3
 0.0        0.0                 0          0          1         169040 1455    4
         16          2                                            9040 1455    5
 1.00000E-5 5.463780-2 .025300000 5.006532-2 4000000.00 5.655875-29040 1455    5
 7000000.00 2.841608-2 20000000.0 2.655062-2 22000000.0 3.188590-29040 1455    6
 24000000.0 2.411593-2 26000000.0 2.625519-2 28000000.0 2.651696-29040 1455    7
 30000000.0 2.040612-2 35000000.0 2.320142-2 40000000.0 2.276856-29040 1455    8
 45000000.0 1.505010-2 50000000.0 1.883850-2 55000000.0 1.774957-29040 1455    9
 60000000.0 1.177724-2                                            9040 1455   10
