 90232.0000 230.045000          0          2          0          09040 1455    1
 0.0        0.0                 0          0          6          09040 1455    2
 1.240000-2 3.340000-2 1.210000-1 3.210000-1 1.210000+0 3.290000+09040 1455    3
 0.0        0.0                 0          0          1         169040 1455    4
         16          2                                            9040 1455    5
 1.00000E-5 4.884039-2 .025300000 6.021482-2 4000000.00 5.167137-29040 1455    5
 7000000.00 2.936535-2 20000000.0 3.439621-2 22000000.0 2.803466-29040 1455    6
 24000000.0 2.431813-2 26000000.0 2.908194-2 28000000.0 2.344087-29040 1455    7
 30000000.0 2.238543-2 35000000.0 2.524706-2 40000000.0 2.054596-29040 1455    8
 45000000.0 1.566949-2 50000000.0 1.903936-2 55000000.0 1.529685-29040 1455    9
 60000000.0 1.311390-2                                            9040 1455   10
