 90232.0000 230.045000          0          2          0          09040 1455    1
 0.0        0.0                 0          0          6          09040 1455    2
 1.240000-2 3.340000-2 1.210000-1 3.210000-1 1.210000+0 3.290000+09040 1455    3
 0.0        0.0                 0          0          1         169040 1455    4
         16          2                                            9040 1455    5
 1.00000E-5 5.346140-2 .025300000 5.693600-2 4000000.00 5.669735-29040 1455    5
 7000000.00 2.682200-2 20000000.0 3.294303-2 22000000.0 3.116821-29040 1455    6
 24000000.0 2.257417-2 26000000.0 2.932484-2 28000000.0 2.659573-29040 1455    7
 30000000.0 1.998109-2 35000000.0 2.356665-2 40000000.0 2.043968-29040 1455    8
 45000000.0 1.460555-2 50000000.0 1.668098-2 55000000.0 1.788685-29040 1455    9
 60000000.0 1.142589-2                                            9040 1455   10
