 90232.0000 230.045000          0          2          0          09040 1455    1
 0.0        0.0                 0          0          6          09040 1455    2
 1.240000-2 3.340000-2 1.210000-1 3.210000-1 1.210000+0 3.290000+09040 1455    3
 0.0        0.0                 0          0          1         169040 1455    4
         16          2                                            9040 1455    5
 1.00000E-5 6.151169-2 .025300000 4.764824-2 4000000.00 5.437238-29040 1455    5
 7000000.00 3.282196-2 20000000.0 2.490994-2 22000000.0 2.939987-29040 1455    6
 24000000.0 2.870011-2 26000000.0 2.112010-2 28000000.0 2.741182-29040 1455    7
 30000000.0 2.392223-2 35000000.0 1.715983-2 40000000.0 2.039945-29040 1455    8
 45000000.0 2.046047-2 50000000.0 1.290441-2 55000000.0 1.749231-29040 1455    9
 60000000.0 1.552352-2                                            9040 1455   10
