 90232.0000 230.045000          0          2          0          09040 1455    1
 0.0        0.0                 0          0          6          09040 1455    2
 1.240000-2 3.340000-2 1.210000-1 3.210000-1 1.210000+0 3.290000+09040 1455    3
 0.0        0.0                 0          0          1         169040 1455    4
         16          2                                            9040 1455    5
 1.00000E-5 6.010968-2 .025300000 5.212437-2 4000000.00 5.326329-29040 1455    5
 7000000.00 3.287829-2 20000000.0 2.692086-2 22000000.0 2.519553-29040 1455    6
 24000000.0 3.100447-2 26000000.0 2.206658-2 28000000.0 2.316093-29040 1455    7
 30000000.0 2.713030-2 35000000.0 1.946536-2 40000000.0 1.703930-29040 1455    8
 45000000.0 2.185160-2 50000000.0 1.626346-2 55000000.0 1.400988-29040 1455    9
 60000000.0 1.776657-2                                            9040 1455   10
