 90232.0000 230.045000          0          2          0          09040 1455    1
 0.0        0.0                 0          0          6          09040 1455    2
 1.240000-2 3.340000-2 1.210000-1 3.210000-1 1.210000+0 3.290000+09040 1455    3
 0.0        0.0                 0          0          1         169040 1455    4
         16          2                                            9040 1455    5
 1.00000E-5 5.865879-2 .025300000 5.439293-2 4000000.00 5.099399-29040 1455    5
 7000000.00 3.354400-2 20000000.0 2.836100-2 22000000.0 2.681858-29040 1455    6
 24000000.0 3.027673-2 26000000.0 2.304956-2 28000000.0 2.187944-29040 1455    7
 30000000.0 2.760047-2 35000000.0 2.081078-2 40000000.0 1.829741-29040 1455    8
 45000000.0 2.147993-2 50000000.0 1.487301-2 55000000.0 1.307599-29040 1455    9
 60000000.0 1.794898-2                                            9040 1455   10
