 90232.0000 230.045000          0          2          0          09040 1455    1
 0.0        0.0                 0          0          6          09040 1455    2
 1.240000-2 3.340000-2 1.210000-1 3.210000-1 1.210000+0 3.290000+09040 1455    3
 0.0        0.0                 0          0          1         169040 1455    4
         16          2                                            9040 1455    5
 1.00000E-5 5.153027-2 .025300000 6.041582-2 4000000.00 4.846402-29040 1455    5
 7000000.00 3.214667-2 20000000.0 3.344207-2 22000000.0 2.372339-29040 1455    6
 24000000.0 2.737253-2 26000000.0 2.785159-2 28000000.0 2.108449-29040 1455    7
 30000000.0 2.539662-2 35000000.0 2.491149-2 40000000.0 1.622797-29040 1455    8
 45000000.0 1.809691-2 50000000.0 1.883998-2 55000000.0 1.307884-29040 1455    9
 60000000.0 1.558238-2                                            9040 1455   10
