 90232.0000 230.045000          0          2          0          09040 1455    1
 0.0        0.0                 0          0          6          09040 1455    2
 1.240000-2 3.340000-2 1.210000-1 3.210000-1 1.210000+0 3.290000+09040 1455    3
 0.0        0.0                 0          0          1         169040 1455    4
         16          2                                            9040 1455    5
 1.00000E-5 5.081590-2 .025300000 5.549629-2 4000000.00 5.750317-29040 1455    5
 7000000.00 2.697397-2 20000000.0 3.180078-2 22000000.0 2.868649-29040 1455    6
 24000000.0 2.413918-2 26000000.0 2.830302-2 28000000.0 2.693570-29040 1455    7
 30000000.0 2.030940-2 35000000.0 2.261679-2 40000000.0 2.102387-29040 1455    8
 45000000.0 1.563608-2 50000000.0 1.837189-2 55000000.0 1.587375-29040 1455    9
 60000000.0 1.182776-2                                            9040 1455   10
