 90232.0000 230.045000          0          2          0          09040 1455    1
 0.0        0.0                 0          0          6          09040 1455    2
 1.240000-2 3.340000-2 1.210000-1 3.210000-1 1.210000+0 3.290000+09040 1455    3
 0.0        0.0                 0          0          1         169040 1455    4
         16          2                                            9040 1455    5
 1.00000E-5 5.591322-2 .025300000 5.699167-2 4000000.00 4.955015-29040 1455    5
 7000000.00 3.326003-2 20000000.0 3.042661-2 22000000.0 2.536011-29040 1455    6
 24000000.0 3.059582-2 26000000.0 2.490059-2 28000000.0 2.316654-29040 1455    7
 30000000.0 2.699741-2 35000000.0 1.983066-2 40000000.0 1.724770-29040 1455    8
 45000000.0 2.147165-2 50000000.0 1.644463-2 55000000.0 1.408016-29040 1455    9
 60000000.0 1.748390-2                                            9040 1455   10
