 90232.0000 230.045000          0          2          0          09040 1455    1
 0.0        0.0                 0          0          6          09040 1455    2
 1.240000-2 3.340000-2 1.210000-1 3.210000-1 1.210000+0 3.290000+09040 1455    3
 0.0        0.0                 0          0          1         169040 1455    4
         16          2                                            9040 1455    5
 1.00000E-5 5.674031-2 .025300000 5.369716-2 4000000.00 5.975705-29040 1455    5
 7000000.00 2.603473-2 20000000.0 3.082208-2 22000000.0 3.013425-29040 1455    6
 24000000.0 2.281343-2 26000000.0 2.780839-2 28000000.0 2.538498-29040 1455    7
 30000000.0 2.060546-2 35000000.0 2.460204-2 40000000.0 2.230937-29040 1455    8
 45000000.0 1.461304-2 50000000.0 1.778262-2 55000000.0 1.696248-29040 1455    9
 60000000.0 1.177722-2                                            9040 1455   10
