 90232.0000 230.045000          0          2          0          09040 1455    1
 0.0        0.0                 0          0          6          09040 1455    2
 1.240000-2 3.340000-2 1.210000-1 3.210000-1 1.210000+0 3.290000+09040 1455    3
 0.0        0.0                 0          0          1         169040 1455    4
         16          2                                            9040 1455    5
 1.00000E-5 4.962653-2 .025300000 6.164637-2 4000000.00 4.842423-29040 1455    5
 7000000.00 3.142912-2 20000000.0 3.465190-2 22000000.0 2.325758-29040 1455    6
 24000000.0 2.988140-2 26000000.0 2.913204-2 28000000.0 2.127798-29040 1455    7
 30000000.0 2.447507-2 35000000.0 2.582158-2 40000000.0 1.601758-29040 1455    8
 45000000.0 2.025972-2 50000000.0 1.984027-2 55000000.0 1.341825-29040 1455    9
 60000000.0 1.470965-2                                            9040 1455   10
