 90232.0000 230.045000          0          2          0          09040 1455    1
 0.0        0.0                 0          0          6          09040 1455    2
 1.240000-2 3.340000-2 1.210000-1 3.210000-1 1.210000+0 3.290000+09040 1455    3
 0.0        0.0                 0          0          1         169040 1455    4
         16          2                                            9040 1455    5
 1.00000E-5 5.365434-2 .025300000 5.961657-2 4000000.00 4.754312-29040 1455    5
 7000000.00 3.399232-2 20000000.0 2.837068-2 22000000.0 2.649487-29040 1455    6
 24000000.0 3.077007-2 26000000.0 2.289811-2 28000000.0 2.471590-29040 1455    7
 30000000.0 2.637900-2 35000000.0 1.806943-2 40000000.0 2.123187-29040 1455    8
 45000000.0 1.957780-2 50000000.0 1.296794-2 55000000.0 1.808805-29040 1455    9
 60000000.0 1.470489-2                                            9040 1455   10
