 90232.0000 230.045000          0          2          0          09040 1455    1
 0.0        0.0                 0          0          6          09040 1455    2
 1.240000-2 3.340000-2 1.210000-1 3.210000-1 1.210000+0 3.290000+09040 1455    3
 0.0        0.0                 0          0          1         169040 1455    4
         16          2                                            9040 1455    5
 1.00000E-5 4.944330-2 .025300000 5.635766-2 4000000.00 4.989650-29040 1455    5
 7000000.00 3.333465-2 20000000.0 2.992055-2 22000000.0 2.571387-29040 1455    6
 24000000.0 3.052316-2 26000000.0 2.444531-2 28000000.0 2.358544-29040 1455    7
 30000000.0 2.663563-2 35000000.0 1.946325-2 40000000.0 1.994962-29040 1455    8
 45000000.0 2.022545-2 50000000.0 1.403760-2 55000000.0 1.681706-29040 1455    9
 60000000.0 1.561792-2                                            9040 1455   10
