 90232.0000 230.045000          0          2          0          09040 1455    1
 0.0        0.0                 0          0          6          09040 1455    2
 1.240000-2 3.340000-2 1.210000-1 3.210000-1 1.210000+0 3.290000+09040 1455    3
 0.0        0.0                 0          0          1         169040 1455    4
         16          2                                            9040 1455    5
 1.00000E-5 6.083356-2 .025300000 4.837716-2 4000000.00 5.457502-29040 1455    5
 7000000.00 3.244893-2 20000000.0 2.616078-2 22000000.0 2.935698-29040 1455    6
 24000000.0 2.840817-2 26000000.0 2.157554-2 28000000.0 2.391488-29040 1455    7
 30000000.0 2.680172-2 35000000.0 1.874181-2 40000000.0 2.044126-29040 1455    8
 45000000.0 2.015228-2 50000000.0 1.340108-2 55000000.0 1.739131-29040 1455    9
 60000000.0 1.535345-2                                            9040 1455   10
