 90232.0000 230.045000          0          2          0          09040 1455    1
 0.0        0.0                 0          0          6          09040 1455    2
 1.240000-2 3.340000-2 1.210000-1 3.210000-1 1.210000+0 3.290000+09040 1455    3
 0.0        0.0                 0          0          1         169040 1455    4
         16          2                                            9040 1455    5
 1.00000E-5 4.975269-2 .025300000 6.024999-2 4000000.00 5.214855-29040 1455    5
 7000000.00 2.891170-2 20000000.0 3.379855-2 22000000.0 2.507096-29040 1455    6
 24000000.0 2.711291-2 26000000.0 2.819090-2 28000000.0 2.103536-29040 1455    7
 30000000.0 2.523511-2 35000000.0 2.519807-2 40000000.0 1.608766-29040 1455    8
 45000000.0 2.073690-2 50000000.0 1.911930-2 55000000.0 1.227495-29040 1455    9
 60000000.0 1.766452-2                                            9040 1455   10
