 94238.0000 236.004600          0          2          0          09434 1455    1
 0.0        0.0                 0          0          6          09434 1455    2
 1.330000-2 3.120000-2 1.162000-1 2.888000-1 8.561000-1 2.713800+09434 1455    3
 0.0        0.0                 0          0          1         199434 1455    4
         19          2                                            9434 1455    5
 1.00000E-5 5.463453-3 .025300000 4.232278-3 500000.000 4.128939-39434 1455    5
 1000000.00 5.510510-3 2000000.00 4.574467-3 3000000.00 3.881524-39434 1455    6
 4000000.00 5.515720-3 5000000.00 4.989770-3 6000000.00 3.541297-39434 1455    7
 7000000.00 4.332636-3 8000000.00 4.257941-3 9000000.00 2.831582-39434 1455    8
 10000000.0 3.663631-3 12000000.0 3.847255-3 14000000.0 2.652891-39434 1455    9
 16000000.0 3.674730-3 18000000.0 3.895791-3 20000000.0 2.613469-39434 1455   10
 30000000.0 2.869785-3                                                                                                              9434 1455   11
