 94238.0000 236.004600          0          2          0          09434 1455    1
 0.0        0.0                 0          0          6          09434 1455    2
 1.330000-2 3.120000-2 1.162000-1 2.888000-1 8.561000-1 2.713800+09434 1455    3
 0.0        0.0                 0          0          1         199434 1455    4
         19          2                                            9434 1455    5
 1.00000E-5 4.448596-3 .025300000 5.361966-3 500000.000 3.930030-39434 1455    5
 1000000.00 4.696161-3 2000000.00 5.226216-3 3000000.00 4.009190-39434 1455    6
 4000000.00 4.977593-3 5000000.00 5.522143-3 6000000.00 3.864952-39434 1455    7
 7000000.00 3.709828-3 8000000.00 4.448886-3 9000000.00 3.618058-39434 1455    8
 10000000.0 3.051791-3 12000000.0 4.115825-3 14000000.0 3.157820-39434 1455    9
 16000000.0 2.521968-3 18000000.0 3.566318-3 20000000.0 3.299836-39434 1455   10
 30000000.0 2.168887-3                                                                                                              9434 1455   11
