 94238.0000 236.004600          0          2          0          09434 1455    1
 0.0        0.0                 0          0          6          09434 1455    2
 1.330000-2 3.120000-2 1.162000-1 2.888000-1 8.561000-1 2.713800+09434 1455    3
 0.0        0.0                 0          0          1         199434 1455    4
         19          2                                            9434 1455    5
 1.00000E-5 5.382828-3 .025300000 4.432893-3 500000.000 3.984281-39434 1455    5
 1000000.00 5.505986-3 2000000.00 4.176356-3 3000000.00 4.086793-39434 1455    6
 4000000.00 5.599362-3 5000000.00 4.521005-3 6000000.00 3.858156-39434 1455    7
 7000000.00 4.589753-3 8000000.00 3.301553-3 9000000.00 2.954222-39434 1455    8
 10000000.0 4.329018-3 12000000.0 3.445459-3 14000000.0 2.572678-39434 1455    9
 16000000.0 4.000290-3 18000000.0 2.895950-3 20000000.0 2.341324-39434 1455   10
 30000000.0 3.817922-3                                                                                                              9434 1455   11
