 94238.0000 236.004600          0          2          0          09434 1455    1
 0.0        0.0                 0          0          6          09434 1455    2
 1.330000-2 3.120000-2 1.162000-1 2.888000-1 8.561000-1 2.713800+09434 1455    3
 0.0        0.0                 0          0          1         199434 1455    4
         19          2                                            9434 1455    5
 1.00000E-5 4.054611-3 .025300000 4.981993-3 500000.000 5.414047-39434 1455    5
 1000000.00 3.935767-3 2000000.00 4.599760-3 3000000.00 5.552149-39434 1455    6
 4000000.00 4.053724-3 5000000.00 4.166140-3 6000000.00 4.954380-39434 1455    7
 7000000.00 3.583311-3 8000000.00 3.001137-3 9000000.00 4.344053-39434 1455    8
 10000000.0 3.647369-3 12000000.0 2.673883-3 14000000.0 4.014507-39434 1455    9
 16000000.0 3.773618-3 18000000.0 2.482914-3 20000000.0 3.431058-39434 1455   10
 30000000.0 3.164467-3                                                                                                              9434 1455   11
