 94238.0000 236.004600          0          2          0          09434 1455    1
 0.0        0.0                 0          0          6          09434 1455    2
 1.330000-2 3.120000-2 1.162000-1 2.888000-1 8.561000-1 2.713800+09434 1455    3
 0.0        0.0                 0          0          1         199434 1455    4
         19          2                                            9434 1455    5
 1.00000E-5 4.286726-3 .025300000 4.637381-3 500000.000 5.256920-39434 1455    5
 1000000.00 3.908031-3 2000000.00 4.905574-3 3000000.00 5.529858-39434 1455    6
 4000000.00 3.872337-3 5000000.00 4.457604-3 6000000.00 5.083087-39434 1455    7
 7000000.00 3.326861-3 8000000.00 3.153118-3 9000000.00 4.372093-39434 1455    8
 10000000.0 3.359911-3 12000000.0 3.124361-3 14000000.0 4.185205-39434 1455    9
 16000000.0 2.839235-3 18000000.0 2.507492-3 20000000.0 3.714083-39434 1455   10
 30000000.0 2.819706-3                                                                                                              9434 1455   11
