 94238.0000 236.004600          0          2          0          09434 1455    1
 0.0        0.0                 0          0          6          09434 1455    2
 1.330000-2 3.120000-2 1.162000-1 2.888000-1 8.561000-1 2.713800+09434 1455    3
 0.0        0.0                 0          0          1         199434 1455    4
         19          2                                            9434 1455    5
 1.00000E-5 5.425557-3 .025300000 4.289672-3 500000.000 4.656570-39434 1455    5
 1000000.00 5.230258-3 2000000.00 4.071175-3 3000000.00 4.264837-39434 1455    6
 4000000.00 5.514341-3 5000000.00 4.334399-3 6000000.00 3.533769-39434 1455    7
 7000000.00 4.603785-3 8000000.00 3.744737-3 9000000.00 2.853129-39434 1455    8
 10000000.0 4.138273-3 12000000.0 3.881922-3 14000000.0 2.651234-39434 1455    9
 16000000.0 3.612047-3 18000000.0 3.903011-3 20000000.0 2.312270-39434 1455   10
 30000000.0 3.504160-3                                                                                                              9434 1455   11
