 94238.0000 236.004600          0          2          0          09434 1455    1
 0.0        0.0                 0          0          6          09434 1455    2
 1.330000-2 3.120000-2 1.162000-1 2.888000-1 8.561000-1 2.713800+09434 1455    3
 0.0        0.0                 0          0          1         199434 1455    4
         19          2                                            9434 1455    5
 1.00000E-5 4.053917-3 .025300000 4.995339-3 500000.000 4.919480-39434 1455    5
 1000000.00 4.079062-3 2000000.00 5.238949-3 3000000.00 5.291491-39434 1455    6
 4000000.00 3.859810-3 5000000.00 4.883839-3 6000000.00 4.599610-39434 1455    7
 7000000.00 3.140491-3 8000000.00 4.078560-3 9000000.00 4.209374-39434 1455    8
 10000000.0 2.782170-3 12000000.0 3.499452-3 14000000.0 4.198821-39434 1455    9
 16000000.0 2.587245-3 18000000.0 2.831834-3 20000000.0 3.890187-39434 1455   10
 30000000.0 2.402507-3                                                                                                              9434 1455   11
