 94238.0000 236.004600          0          2          0          09434 1455    1
 0.0        0.0                 0          0          6          09434 1455    2
 1.330000-2 3.120000-2 1.162000-1 2.888000-1 8.561000-1 2.713800+09434 1455    3
 0.0        0.0                 0          0          1         199434 1455    4
         19          2                                            9434 1455    5
 1.00000E-5 4.765547-3 .025300000 5.489117-3 500000.000 3.951436-39434 1455    5
 1000000.00 5.486237-3 2000000.00 4.242885-3 3000000.00 4.027448-39434 1455    6
 4000000.00 5.607051-3 5000000.00 4.612035-3 6000000.00 3.782526-39434 1455    7
 7000000.00 4.607367-3 8000000.00 3.370731-3 9000000.00 2.911116-39434 1455    8
 10000000.0 4.322374-3 12000000.0 3.527156-3 14000000.0 2.837508-39434 1455    9
 16000000.0 4.119763-3 18000000.0 2.977296-3 20000000.0 2.306270-39434 1455   10
 30000000.0 1.925224-3                                                                                                              9434 1455   11
