 94238.0000 236.004600          0          2          0          09434 1455    1
 0.0        0.0                 0          0          6          09434 1455    2
 1.330000-2 3.120000-2 1.162000-1 2.888000-1 8.561000-1 2.713800+09434 1455    3
 0.0        0.0                 0          0          1         199434 1455    4
         19          2                                            9434 1455    5
 1.00000E-5 3.984990-3 .025300000 5.439126-3 500000.000 4.896343-39434 1455    5
 1000000.00 4.085942-3 2000000.00 5.268605-3 3000000.00 4.635710-39434 1455    6
 4000000.00 3.851027-3 5000000.00 4.917263-3 6000000.00 4.578678-39434 1455    7
 7000000.00 3.173246-3 8000000.00 4.107246-3 9000000.00 4.202901-39434 1455    8
 10000000.0 2.769764-3 12000000.0 3.527668-3 14000000.0 4.207171-39434 1455    9
 16000000.0 2.562080-3 18000000.0 2.852645-3 20000000.0 3.943583-39434 1455   10
 30000000.0 2.367109-3                                                                                                              9434 1455   11
